2.718281828459045235360287471352662497757247093699959574966
967627724076630353547594571382178525166427427466391932003059
921817413596629043572900334295260595630738132328627943490763
233829880753195251019011573834187930702154089149934884167509
244761460668082264800168477411853742345442437107539077744992
069551702761838606261331384583000752044933826560297606737113
200709328709127443747047230696977209310141692836819025515108
657463772111252389784425056953696770785449969967946864454905
987931636889230098793127736178215424999229576351482208269895
193668033182528869398496465105820939239829488793320362509443
117301238197068416140397019837679320683282376464804295311802
328782509819455815301756717361332069811250996181881593041690
351598888519345807273866738589422879228499892086805825749279
610484198444363463244968487560233624827041978623209002160990
235304369941849146314093431738143640546253152096183690888707
016768396424378140592714563549061303107208510383750510115747
704171898610687396965521267154688957035035402123407849819334
321068170121005627880235193033224745015853904730419957777093
503660416997329725088687696640355570716226844716256079882651
787134195124665201030592123667719432527867539855894489697096
409754591856956380236370162112047742722836489613422516445078
182442352948636372141740238893441247963574370263755294448337
998016125492278509257782562092622648326277933386566481627725
164019105900491644998289315056604725802778631864155195653244
258698294695930801915298721172556347546396447910145904090586
298496791287406870504895858671747985466775757320568128845920
541334053922000113786300945560688166740016984205580403363795
376452030402432256613527836951177883863874439662532249850654
995886234281899707733276171783928034946501434558897071942586
398772754710962953741521115136835062752602326484728703920764
310059584116612054529703023647254929666938115137322753645098
889031360205724817658511806303644281231496550704751025446501
172721155519486685080036853228183152196003735625279449515828
418829478761085263981395599006737648292244375287184624578036
192981971399147564488262603903381441823262515097482798777996
437308997038886778227138360577297882412561190717663946507063
304527954661855096666185664709711344474016070462621568071748
187784437143698821855967095910259686200235371858874856965220
005031173439207321139080329363447972735595527734907178379342
163701205005451326383544000186323991490705479778056697853358
048966906295119432473099587655236812859041383241160722602998
330535370876138939639177957454016137223618789365260538155841
587186925538606164779834025435128439612946035291332594279490
433729908573158029095863138268329147711639633709240031689458
636060645845925126994655724839186564209752685082307544254599
376917041977780085362730941710163434907696423722294352366125
572508814779223151974778060569672538017180776360346245927877
846585065605078084421152969752189087401966090665180351650179
250461950136658543663271254963990854914420001457476081930221
206602433009641270489439039717719518069908699860663658323227
870937650226014929101151717763594460202324930028040186772391
028809786660565118326004368850881715723866984224220102495055
188169480322100251542649463981287367765892768816359831247788
652014117411091360116499507662907794364600585194199856016264
790761532103872755712699251827568798930276176114616254935649
590379804583818232336861201624373656984670378585330527583333
793990752166069238053369887956513728559388349989470741618155
012539706464817194670834819721448889879067650379590366967249
499254527903372963616265897603949857674139735944102374432970
935547798262961459144293645142861715858733974679189757121195
618738578364475844842355558105002561149239151889309946342841
393608038309166281881150371528496705974162562823609216807515
017772538740256425347087908913729172282861151591568372524163
077225440633787593105982676094420326192428531701878177296023
541306067213604600038966109364709514141718577701418060644363
681546444005331608778314317444081194942297559931401188868331
483280270655383300469329011574414756313999722170380461709289
457909627166226074071874997535921275608441473782330327033016
823719364800217328573493594756433412994302485023573221459784
328264142168487872167336701061509424345698440187331281010794
512722373788612605816566805371439612788873252737389039289050
686532413806279602593038772769778379286840932536588073398845
721874602100531148335132385004782716937621800490479559795929
059165547050577751430817511269898518840871856402603530558373
783242292418562564425502267215598027401261797192804713960068
916382866527700975276706977703643926022437284184088325184877
047263844037953016690546593746161932384036389313136432713768
884102681121989127522305625675625470172508634976536728860596
675274086862740791285657699631378975303466061666980421826772
456053066077389962421834085988207186468262321508028828635974
683965435885668550377313129658797581050121491620765676995065
971534476347032085321560367482860837865680307306265763346977
429563464371670939719306087696349532884683361303882943104080
029687386911706666614680001512114344225602387447432525076938
707777519329994213727721125884360871583483562696166198057252
661220679754062106208064988291845439530152998209250300549825
704339055357016865312052649561485724925738620691740369521353
373253166634546658859728665945113644137033139367211856955395
210845840724432383558606310680696492485123263269951460359603
729725319836842336390463213671011619282171115028280160448805
880238203198149309636959673583274202498824568494127386056649
135252670604623445054922758115170931492187959271800194096886
698683703730220047531433818109270803001720593553052070070607
223399946399057131158709963577735902719628506114651483752620
956534671329002599439766311454590268589897911583709341937044
115512192011716488056694593813118384376562062784631049034629
395002945834116482411496975832601180073169943739350696629571
241027323913874175492307186245454322203955273529524024590380
574450289224688628533654221381572213116328811205214648980518
009202471939171055539011394331668151582884368760696110250517
100739276238555338627255353883096067164466237092264680967125
406186950214317621166814009759528149390722260111268115310838